arm_moving : 0.028846153846153848
T=0.7: 0.029585798816568046
T=0.8: 0.02054794520547945
boxing : 0.782608695652174
T=0.7: 0.9038461538461539
T=0.8: 0.9632352941176471
jump : 0.6153846153846154
T=0.7: 0.7948717948717948
T=0.8: 0.8585858585858586
kick_leg : 0.27053140096618356
T=0.7: 0.2543859649122807
T=0.8: 0.24705882352941178
morning_exercise : 0.6756756756756757
T=0.7: 0.7578125
T=0.8: 0.7904761904761904
raise : 0.11650485436893204
T=0.7: 0.12080536912751678
T=0.8: 0.09230769230769231
run : 0.7598039215686274
T=0.7: 0.7909604519774012
T=0.8: 0.7987804878048781
stride : 0.4057971014492754
T=0.7: 0.36363636363636365
T=0.8: 0.2835820895522388
swing : 0.23300970873786409
T=0.7: 0.2641509433962264
T=0.8: 0.18840579710144928
