boxing : 0.8695652173913043
T=0.7: 0.9222222222222223
T=0.8: 0.9454545454545454
jump : 0.9375
T=0.7: 0.9834254143646409
T=0.8: 0.9939393939393939
swing : 0.3932038834951456
T=0.7: 0.3333333333333333
T=0.8: 0.31313131313131315
run : 0.7696078431372549
T=0.7: 0.7967914438502673
T=0.8: 0.8045977011494253
raise : 0.33980582524271846
T=0.7: 0.3765432098765432
T=0.8: 0.37857142857142856
