boxing : 0.9710144927536232
T=0.7: 0.9947916666666666
T=0.8: 1.0
jump : 0.8413461538461539
T=0.7: 0.926829268292683
T=0.8: 0.952054794520548
morning_exercise : 0.5243243243243243
T=0.7: 0.5584415584415584
T=0.8: 0.5563380281690141
run : 0.8823529411764706
T=0.7: 0.8814432989690721
T=0.8: 0.8967391304347826
raise : 0.38349514563106796
T=0.7: 0.41139240506329117
T=0.8: 0.4125874125874126
