boxing : 0.9806763285024155
T=0.7: 1.0
T=0.8: 1.0
jump : 0.8221153846153846
T=0.7: 0.9054054054054054
T=0.8: 0.9830508474576272
morning_exercise : 0.41081081081081083
T=0.7: 0.48091603053435117
T=0.8: 0.5188679245283019
run : 0.8088235294117647
T=0.7: 0.8432432432432433
T=0.8: 0.8587570621468926
swing : 0.6504854368932039
T=0.7: 0.696969696969697
T=0.8: 0.7083333333333334
